[
    {
        "1_1": [
            [
                -1.0,
                0.0,
                0.0,
                0.0
            ],
            [
                0.0,
                -0.6246950626373291,
                0.7808688282966614,
                2.5
            ],
            [
                0.0,
                0.7808688282966614,
                0.6246950626373291,
                2.0
            ],
            [
                0.0,
                0.0,
                0.0,
                1.0
            ]
        ]
    },
    {
        "1_2": [
            [
                -0.30901801586151123,
                -0.5941201448440552,
                0.7426501512527466,
                2.37764048576355
            ],
            [
                0.9510562419891357,
                -0.19304202497005463,
                0.2413025200366974,
                0.7725449800491333
            ],
            [
                0.0,
                0.7808688282966614,
                0.6246950626373291,
                2.0
            ],
            [
                0.0,
                0.0,
                0.0,
                1.0
            ]
        ]
    },
    {
        "1_3": [
            [
                0.8090157508850098,
                -0.36718758940696716,
                0.45898452401161194,
                1.4694674015045166
            ],
            [
                0.5877869725227356,
                0.5053881406784058,
                -0.6317352056503296,
                -2.0225393772125244
            ],
            [
                0.0,
                0.7808688282966614,
                0.6246950626373291,
                2.0
            ],
            [
                0.0,
                0.0,
                0.0,
                1.0
            ]
        ]
    },
    {
        "1_4": [
            [
                0.8090188503265381,
                0.36718490719795227,
                -0.45898115634918213,
                -1.469456672668457
            ],
            [
                -0.587782621383667,
                0.5053901076316833,
                -0.6317376494407654,
                -2.0225472450256348
            ],
            [
                0.0,
                0.7808688282966614,
                0.6246950626373291,
                2.0
            ],
            [
                0.0,
                0.0,
                0.0,
                1.0
            ]
        ]
    },
    {
        "1_5": [
            [
                -0.3090129792690277,
                0.5941211581230164,
                -0.7426514029502869,
                -2.3776445388793945
            ],
            [
                -0.9510579109191895,
                -0.19303886592388153,
                0.2412985861301422,
                0.7725324034690857
            ],
            [
                1.4901161193847656e-08,
                0.7808688282966614,
                0.6246950626373291,
                2.0
            ],
            [
                0.0,
                0.0,
                0.0,
                1.0
            ]
        ]
    },
    {
        "2_1": [
            [
                -1.0,
                0.0,
                0.0,
                0.0
            ],
            [
                0.0,
                -0.6246950626373291,
                0.7808688282966614,
                2.5
            ],
            [
                0.0,
                0.7808688282966614,
                0.6246950626373291,
                2.0
            ],
            [
                0.0,
                0.0,
                0.0,
                1.0
            ]
        ]
    },
    {
        "2_2": [
            [
                -0.30901801586151123,
                -0.5941201448440552,
                0.7426501512527466,
                2.37764048576355
            ],
            [
                0.9510562419891357,
                -0.19304202497005463,
                0.2413025200366974,
                0.7725449800491333
            ],
            [
                0.0,
                0.7808688282966614,
                0.6246950626373291,
                2.0
            ],
            [
                0.0,
                0.0,
                0.0,
                1.0
            ]
        ]
    },
    {
        "2_3": [
            [
                0.8090157508850098,
                -0.36718758940696716,
                0.45898452401161194,
                1.4694674015045166
            ],
            [
                0.5877869725227356,
                0.5053881406784058,
                -0.6317352056503296,
                -2.0225393772125244
            ],
            [
                0.0,
                0.7808688282966614,
                0.6246950626373291,
                2.0
            ],
            [
                0.0,
                0.0,
                0.0,
                1.0
            ]
        ]
    },
    {
        "2_4": [
            [
                0.8090188503265381,
                0.36718490719795227,
                -0.45898115634918213,
                -1.469456672668457
            ],
            [
                -0.587782621383667,
                0.5053901076316833,
                -0.6317376494407654,
                -2.0225472450256348
            ],
            [
                0.0,
                0.7808688282966614,
                0.6246950626373291,
                2.0
            ],
            [
                0.0,
                0.0,
                0.0,
                1.0
            ]
        ]
    },
    {
        "2_5": [
            [
                -0.3090129792690277,
                0.5941211581230164,
                -0.7426514029502869,
                -2.3776445388793945
            ],
            [
                -0.9510579109191895,
                -0.19303886592388153,
                0.2412985861301422,
                0.7725324034690857
            ],
            [
                1.4901161193847656e-08,
                0.7808688282966614,
                0.6246950626373291,
                2.0
            ],
            [
                0.0,
                0.0,
                0.0,
                1.0
            ]
        ]
    },
    {
        "3_1": [
            [
                -1.0,
                0.0,
                0.0,
                0.0
            ],
            [
                0.0,
                -0.6246950626373291,
                0.7808688282966614,
                2.5
            ],
            [
                0.0,
                0.7808688282966614,
                0.6246950626373291,
                2.0
            ],
            [
                0.0,
                0.0,
                0.0,
                1.0
            ]
        ]
    },
    {
        "3_2": [
            [
                -0.30901801586151123,
                -0.5941201448440552,
                0.7426501512527466,
                2.37764048576355
            ],
            [
                0.9510562419891357,
                -0.19304202497005463,
                0.2413025200366974,
                0.7725449800491333
            ],
            [
                0.0,
                0.7808688282966614,
                0.6246950626373291,
                2.0
            ],
            [
                0.0,
                0.0,
                0.0,
                1.0
            ]
        ]
    },
    {
        "3_3": [
            [
                0.8090157508850098,
                -0.36718758940696716,
                0.45898452401161194,
                1.4694674015045166
            ],
            [
                0.5877869725227356,
                0.5053881406784058,
                -0.6317352056503296,
                -2.0225393772125244
            ],
            [
                0.0,
                0.7808688282966614,
                0.6246950626373291,
                2.0
            ],
            [
                0.0,
                0.0,
                0.0,
                1.0
            ]
        ]
    },
    {
        "3_4": [
            [
                0.8090188503265381,
                0.36718490719795227,
                -0.45898115634918213,
                -1.469456672668457
            ],
            [
                -0.587782621383667,
                0.5053901076316833,
                -0.6317376494407654,
                -2.0225472450256348
            ],
            [
                0.0,
                0.7808688282966614,
                0.6246950626373291,
                2.0
            ],
            [
                0.0,
                0.0,
                0.0,
                1.0
            ]
        ]
    },
    {
        "3_5": [
            [
                -0.3090129792690277,
                0.5941211581230164,
                -0.7426514029502869,
                -2.3776445388793945
            ],
            [
                -0.9510579109191895,
                -0.19303886592388153,
                0.2412985861301422,
                0.7725324034690857
            ],
            [
                1.4901161193847656e-08,
                0.7808688282966614,
                0.6246950626373291,
                2.0
            ],
            [
                0.0,
                0.0,
                0.0,
                1.0
            ]
        ]
    },
    {
        "4_1": [
            [
                -1.0,
                0.0,
                0.0,
                0.0
            ],
            [
                0.0,
                -0.6246950626373291,
                0.7808688282966614,
                2.5
            ],
            [
                0.0,
                0.7808688282966614,
                0.6246950626373291,
                2.0
            ],
            [
                0.0,
                0.0,
                0.0,
                1.0
            ]
        ]
    },
    {
        "4_2": [
            [
                -0.30901801586151123,
                -0.5941201448440552,
                0.7426501512527466,
                2.37764048576355
            ],
            [
                0.9510562419891357,
                -0.19304202497005463,
                0.2413025200366974,
                0.7725449800491333
            ],
            [
                0.0,
                0.7808688282966614,
                0.6246950626373291,
                2.0
            ],
            [
                0.0,
                0.0,
                0.0,
                1.0
            ]
        ]
    },
    {
        "4_3": [
            [
                0.8090157508850098,
                -0.36718758940696716,
                0.45898452401161194,
                1.4694674015045166
            ],
            [
                0.5877869725227356,
                0.5053881406784058,
                -0.6317352056503296,
                -2.0225393772125244
            ],
            [
                0.0,
                0.7808688282966614,
                0.6246950626373291,
                2.0
            ],
            [
                0.0,
                0.0,
                0.0,
                1.0
            ]
        ]
    },
    {
        "4_4": [
            [
                0.8090188503265381,
                0.36718490719795227,
                -0.45898115634918213,
                -1.469456672668457
            ],
            [
                -0.587782621383667,
                0.5053901076316833,
                -0.6317376494407654,
                -2.0225472450256348
            ],
            [
                0.0,
                0.7808688282966614,
                0.6246950626373291,
                2.0
            ],
            [
                0.0,
                0.0,
                0.0,
                1.0
            ]
        ]
    },
    {
        "4_5": [
            [
                -0.3090129792690277,
                0.5941211581230164,
                -0.7426514029502869,
                -2.3776445388793945
            ],
            [
                -0.9510579109191895,
                -0.19303886592388153,
                0.2412985861301422,
                0.7725324034690857
            ],
            [
                1.4901161193847656e-08,
                0.7808688282966614,
                0.6246950626373291,
                2.0
            ],
            [
                0.0,
                0.0,
                0.0,
                1.0
            ]
        ]
    },
    {
        "5_1": [
            [
                -1.0,
                0.0,
                0.0,
                0.0
            ],
            [
                0.0,
                -0.6246950626373291,
                0.7808688282966614,
                2.5
            ],
            [
                0.0,
                0.7808688282966614,
                0.6246950626373291,
                2.0
            ],
            [
                0.0,
                0.0,
                0.0,
                1.0
            ]
        ]
    },
    {
        "5_2": [
            [
                -0.30901801586151123,
                -0.5941201448440552,
                0.7426501512527466,
                2.37764048576355
            ],
            [
                0.9510562419891357,
                -0.19304202497005463,
                0.2413025200366974,
                0.7725449800491333
            ],
            [
                0.0,
                0.7808688282966614,
                0.6246950626373291,
                2.0
            ],
            [
                0.0,
                0.0,
                0.0,
                1.0
            ]
        ]
    },
    {
        "5_3": [
            [
                0.8090157508850098,
                -0.36718758940696716,
                0.45898452401161194,
                1.4694674015045166
            ],
            [
                0.5877869725227356,
                0.5053881406784058,
                -0.6317352056503296,
                -2.0225393772125244
            ],
            [
                0.0,
                0.7808688282966614,
                0.6246950626373291,
                2.0
            ],
            [
                0.0,
                0.0,
                0.0,
                1.0
            ]
        ]
    },
    {
        "5_4": [
            [
                0.8090188503265381,
                0.36718490719795227,
                -0.45898115634918213,
                -1.469456672668457
            ],
            [
                -0.587782621383667,
                0.5053901076316833,
                -0.6317376494407654,
                -2.0225472450256348
            ],
            [
                0.0,
                0.7808688282966614,
                0.6246950626373291,
                2.0
            ],
            [
                0.0,
                0.0,
                0.0,
                1.0
            ]
        ]
    },
    {
        "5_5": [
            [
                -0.3090129792690277,
                0.5941211581230164,
                -0.7426514029502869,
                -2.3776445388793945
            ],
            [
                -0.9510579109191895,
                -0.19303886592388153,
                0.2412985861301422,
                0.7725324034690857
            ],
            [
                1.4901161193847656e-08,
                0.7808688282966614,
                0.6246950626373291,
                2.0
            ],
            [
                0.0,
                0.0,
                0.0,
                1.0
            ]
        ]
    },
    {
        "6_1": [
            [
                -1.0,
                0.0,
                0.0,
                0.0
            ],
            [
                0.0,
                -0.6246950626373291,
                0.7808688282966614,
                2.5
            ],
            [
                0.0,
                0.7808688282966614,
                0.6246950626373291,
                2.0
            ],
            [
                0.0,
                0.0,
                0.0,
                1.0
            ]
        ]
    },
    {
        "6_2": [
            [
                -0.30901801586151123,
                -0.5941201448440552,
                0.7426501512527466,
                2.37764048576355
            ],
            [
                0.9510562419891357,
                -0.19304202497005463,
                0.2413025200366974,
                0.7725449800491333
            ],
            [
                0.0,
                0.7808688282966614,
                0.6246950626373291,
                2.0
            ],
            [
                0.0,
                0.0,
                0.0,
                1.0
            ]
        ]
    },
    {
        "6_3": [
            [
                0.8090157508850098,
                -0.36718758940696716,
                0.45898452401161194,
                1.4694674015045166
            ],
            [
                0.5877869725227356,
                0.5053881406784058,
                -0.6317352056503296,
                -2.0225393772125244
            ],
            [
                0.0,
                0.7808688282966614,
                0.6246950626373291,
                2.0
            ],
            [
                0.0,
                0.0,
                0.0,
                1.0
            ]
        ]
    },
    {
        "6_4": [
            [
                0.8090188503265381,
                0.36718490719795227,
                -0.45898115634918213,
                -1.469456672668457
            ],
            [
                -0.587782621383667,
                0.5053901076316833,
                -0.6317376494407654,
                -2.0225472450256348
            ],
            [
                0.0,
                0.7808688282966614,
                0.6246950626373291,
                2.0
            ],
            [
                0.0,
                0.0,
                0.0,
                1.0
            ]
        ]
    },
    {
        "6_5": [
            [
                -0.3090129792690277,
                0.5941211581230164,
                -0.7426514029502869,
                -2.3776445388793945
            ],
            [
                -0.9510579109191895,
                -0.19303886592388153,
                0.2412985861301422,
                0.7725324034690857
            ],
            [
                1.4901161193847656e-08,
                0.7808688282966614,
                0.6246950626373291,
                2.0
            ],
            [
                0.0,
                0.0,
                0.0,
                1.0
            ]
        ]
    },
    {
        "7_1": [
            [
                -1.0,
                0.0,
                0.0,
                0.0
            ],
            [
                0.0,
                -0.6246950626373291,
                0.7808688282966614,
                2.5
            ],
            [
                0.0,
                0.7808688282966614,
                0.6246950626373291,
                2.0
            ],
            [
                0.0,
                0.0,
                0.0,
                1.0
            ]
        ]
    },
    {
        "7_2": [
            [
                -0.30901801586151123,
                -0.5941201448440552,
                0.7426501512527466,
                2.37764048576355
            ],
            [
                0.9510562419891357,
                -0.19304202497005463,
                0.2413025200366974,
                0.7725449800491333
            ],
            [
                0.0,
                0.7808688282966614,
                0.6246950626373291,
                2.0
            ],
            [
                0.0,
                0.0,
                0.0,
                1.0
            ]
        ]
    },
    {
        "7_3": [
            [
                0.8090157508850098,
                -0.36718758940696716,
                0.45898452401161194,
                1.4694674015045166
            ],
            [
                0.5877869725227356,
                0.5053881406784058,
                -0.6317352056503296,
                -2.0225393772125244
            ],
            [
                0.0,
                0.7808688282966614,
                0.6246950626373291,
                2.0
            ],
            [
                0.0,
                0.0,
                0.0,
                1.0
            ]
        ]
    },
    {
        "7_4": [
            [
                0.8090188503265381,
                0.36718490719795227,
                -0.45898115634918213,
                -1.469456672668457
            ],
            [
                -0.587782621383667,
                0.5053901076316833,
                -0.6317376494407654,
                -2.0225472450256348
            ],
            [
                0.0,
                0.7808688282966614,
                0.6246950626373291,
                2.0
            ],
            [
                0.0,
                0.0,
                0.0,
                1.0
            ]
        ]
    },
    {
        "7_5": [
            [
                -0.3090129792690277,
                0.5941211581230164,
                -0.7426514029502869,
                -2.3776445388793945
            ],
            [
                -0.9510579109191895,
                -0.19303886592388153,
                0.2412985861301422,
                0.7725324034690857
            ],
            [
                1.4901161193847656e-08,
                0.7808688282966614,
                0.6246950626373291,
                2.0
            ],
            [
                0.0,
                0.0,
                0.0,
                1.0
            ]
        ]
    },
    {
        "8_1": [
            [
                -1.0,
                0.0,
                0.0,
                0.0
            ],
            [
                0.0,
                -0.6246950626373291,
                0.7808688282966614,
                2.5
            ],
            [
                0.0,
                0.7808688282966614,
                0.6246950626373291,
                2.0
            ],
            [
                0.0,
                0.0,
                0.0,
                1.0
            ]
        ]
    },
    {
        "8_2": [
            [
                -0.30901801586151123,
                -0.5941201448440552,
                0.7426501512527466,
                2.37764048576355
            ],
            [
                0.9510562419891357,
                -0.19304202497005463,
                0.2413025200366974,
                0.7725449800491333
            ],
            [
                0.0,
                0.7808688282966614,
                0.6246950626373291,
                2.0
            ],
            [
                0.0,
                0.0,
                0.0,
                1.0
            ]
        ]
    },
    {
        "8_3": [
            [
                0.8090157508850098,
                -0.36718758940696716,
                0.45898452401161194,
                1.4694674015045166
            ],
            [
                0.5877869725227356,
                0.5053881406784058,
                -0.6317352056503296,
                -2.0225393772125244
            ],
            [
                0.0,
                0.7808688282966614,
                0.6246950626373291,
                2.0
            ],
            [
                0.0,
                0.0,
                0.0,
                1.0
            ]
        ]
    },
    {
        "8_4": [
            [
                0.8090188503265381,
                0.36718490719795227,
                -0.45898115634918213,
                -1.469456672668457
            ],
            [
                -0.587782621383667,
                0.5053901076316833,
                -0.6317376494407654,
                -2.0225472450256348
            ],
            [
                0.0,
                0.7808688282966614,
                0.6246950626373291,
                2.0
            ],
            [
                0.0,
                0.0,
                0.0,
                1.0
            ]
        ]
    },
    {
        "8_5": [
            [
                -0.3090129792690277,
                0.5941211581230164,
                -0.7426514029502869,
                -2.3776445388793945
            ],
            [
                -0.9510579109191895,
                -0.19303886592388153,
                0.2412985861301422,
                0.7725324034690857
            ],
            [
                1.4901161193847656e-08,
                0.7808688282966614,
                0.6246950626373291,
                2.0
            ],
            [
                0.0,
                0.0,
                0.0,
                1.0
            ]
        ]
    },
    {
        "9_1": [
            [
                -1.0,
                0.0,
                0.0,
                0.0
            ],
            [
                0.0,
                -0.6246950626373291,
                0.7808688282966614,
                2.5
            ],
            [
                0.0,
                0.7808688282966614,
                0.6246950626373291,
                2.0
            ],
            [
                0.0,
                0.0,
                0.0,
                1.0
            ]
        ]
    },
    {
        "9_2": [
            [
                -0.30901801586151123,
                -0.5941201448440552,
                0.7426501512527466,
                2.37764048576355
            ],
            [
                0.9510562419891357,
                -0.19304202497005463,
                0.2413025200366974,
                0.7725449800491333
            ],
            [
                0.0,
                0.7808688282966614,
                0.6246950626373291,
                2.0
            ],
            [
                0.0,
                0.0,
                0.0,
                1.0
            ]
        ]
    },
    {
        "9_3": [
            [
                0.8090157508850098,
                -0.36718758940696716,
                0.45898452401161194,
                1.4694674015045166
            ],
            [
                0.5877869725227356,
                0.5053881406784058,
                -0.6317352056503296,
                -2.0225393772125244
            ],
            [
                0.0,
                0.7808688282966614,
                0.6246950626373291,
                2.0
            ],
            [
                0.0,
                0.0,
                0.0,
                1.0
            ]
        ]
    },
    {
        "9_4": [
            [
                0.8090188503265381,
                0.36718490719795227,
                -0.45898115634918213,
                -1.469456672668457
            ],
            [
                -0.587782621383667,
                0.5053901076316833,
                -0.6317376494407654,
                -2.0225472450256348
            ],
            [
                0.0,
                0.7808688282966614,
                0.6246950626373291,
                2.0
            ],
            [
                0.0,
                0.0,
                0.0,
                1.0
            ]
        ]
    },
    {
        "9_5": [
            [
                -0.3090129792690277,
                0.5941211581230164,
                -0.7426514029502869,
                -2.3776445388793945
            ],
            [
                -0.9510579109191895,
                -0.19303886592388153,
                0.2412985861301422,
                0.7725324034690857
            ],
            [
                1.4901161193847656e-08,
                0.7808688282966614,
                0.6246950626373291,
                2.0
            ],
            [
                0.0,
                0.0,
                0.0,
                1.0
            ]
        ]
    }
]